1 0.60181982 0.75937539 0.20164016 -0.14318925 -525.8942 45.4076 986.7235 1 C1.png

2 0.17935466 0.21819503 -0.75915601 0.58643413 1195.2312 -336.5145 2040.5396 2 C2.png

3 0.12006432 0.18862938 0.76300001 -0.60649361 55.0716 -213.2445 1992.8457 3 C3.png

4 0.52066622 0.69454703 0.4033896 -0.28946146 42.3619 -45.3607 1106.8573 4 C4.png

5 0.40887382 0.48158567 -0.58631147 0.50708609 836.6625 85.8684 600.2881 5 C5.png

6 0.63226891 0.73895459 -0.1734413 0.15524255 -338.5533 62.8766 1044.0945 6 C6.png

7 0.48831452 0.6762963 0.46329991 -0.29920803 -648.9457 -57.2252 1052.7676 7 C7.png

